57,6
57,5
57,4
57,3
57,2
57,1
57,0
56,4
56,3
56,2
56,1
56,0
55,6
55,5
55,4
55,3
55,2
55,1
55,0
54,4
54,3
54,2
54,1
54,0
53,4
53,3
53,2
53,1
53,0
52,25
52,24
52,20
52,23
52,22
52,14
52,21
52,16
52,19
52,18
52,12
52,17
52,15
52,13
52,5
52,4
52,11
52,6
52,10
52,9
52,8
52,7
52,3
52,2
52,1
52,0
51,5
51,4
51,3
51,2
51,1
51,0
50,6
50,5
50,4
50,3
50,2
50,1
50,0
49,4
49,3
49,2
49,1
49,0
48,6
48,5
48,4
48,3
48,2
48,1
48,0
47,4
47,3
47,2
47,1
47,0
46,3
46,2
46,1
46,0
0,470
0,469
0,468
0,467
0,466
0,465
0,464
0,463
45,4
45,3
45,2
45,1
45,0
0,462
0,461
0,460
0,459
0,458
0,457
0,456
0,455
0,454
0,453
0,452
0,451
0,450
0,449
44,4
44,3
44,2
44,1
44,0
0,448
0,447
0,446
0,445
43,25
43,24
43,20
43,23
43,22
43,14
43,21
43,16
43,19
43,18
43,12
43,17
43,15
43,13
43,5
43,4
43,11
43,6
43,10
43,9
43,8
43,7
43,3
43,2
43,1
43,0
0,444
0,443
0,442
0,441
0,440
0,439
0,438
42,5
42,4
42,3
42,2
42,1
42,0
41,7
41,6
41,5
41,4
41,3
41,2
41,1
41,0
0,437
40,5
40,4
40,3
40,2
40,1
40,0
0,436
0,435
39,7
39,6
39,5
39,4
39,3
39,2
0,434
0,433
39,1
39,0
0,432
0,431
0,430
0,429
38,5
38,4
